
	Distribution Summary

Distribution:	Triangular   
Expression:	TRIA(3, 15, 30)
Square Error:	0.000000

Chi Square Test
  Number of intervals	= 40
  Degrees of freedom 	= 38
  Test Statistic     	= 35.1
  Corresponding p-value	= 0.6

	Data Summary

Number of Data Points	= 10000000
Min Data Value       	= 3.01
Max Data Value       	= 30
Sample Mean          	= 16
Sample Std Dev       	= 5.52

	Histogram Summary

Histogram Range    	= 3 to 30
Number of Intervals	= 40


==================================================================
Int.   No. of               Probability           Cumulative      
No.    Data Pts.   x        Density               Distribution    
------------------------------------------------------------------
                            Data   Function       Data   Function   
   0  14039       3.67    0.00140    0.00141    0.00140    0.00141
   1  42305       4.35    0.00423    0.00422    0.00563    0.00562
   2  69871       5.02    0.00699    0.00703     0.0126     0.0126
   3  99047       5.70    0.00990    0.00984     0.0225     0.0225
   4  126524       6.37     0.0127     0.0126     0.0352     0.0351
   5  154819       7.05     0.0155     0.0155     0.0507     0.0506
   6  182138       7.72     0.0182     0.0183     0.0689     0.0689
   7  210915       8.40     0.0211     0.0211     0.0900     0.0900
   8  238404       9.07     0.0238     0.0239      0.114      0.114
   9  267108       9.75     0.0267     0.0267      0.141      0.141
  10  295754       10.4     0.0296     0.0295      0.170      0.170
  11  323921       11.1     0.0324     0.0323      0.202      0.202
  12  350046       11.8     0.0350     0.0351      0.237      0.238
  13  379413       12.5     0.0379     0.0379      0.275      0.275
  14  407974       13.1     0.0408     0.0408      0.316      0.316
  15  435422       13.8     0.0435     0.0436      0.360      0.360
  16  463504       14.5     0.0464     0.0464      0.406      0.406
  17  491132       15.2     0.0491     0.0491      0.455      0.455
  18  483837       15.8     0.0484     0.0484      0.504      0.504
  19  461488       16.5     0.0461     0.0461      0.550      0.550
  20  438802       17.2     0.0439     0.0439      0.594      0.594
  21  416457       17.9     0.0416     0.0416      0.635      0.635
  22  393346       18.5     0.0393     0.0394      0.675      0.675
  23  371716       19.2     0.0372     0.0371      0.712      0.712
  24  350427       19.9     0.0350     0.0349      0.747      0.747
  25  326375       20.6     0.0326     0.0326      0.779      0.779
  26  303500       21.2     0.0303     0.0304      0.810      0.810
  27  281780       21.9     0.0282     0.0281      0.838      0.838
  28  258569       22.6     0.0259     0.0259      0.864      0.864
  29  236378       23.3     0.0236     0.0236      0.888      0.887
  30  213575       23.9     0.0214     0.0214      0.909      0.909
  31  191364       24.6     0.0191     0.0191      0.928      0.928
  32  168898       25.3     0.0169     0.0169      0.945      0.945
  33  146137       26.0     0.0146     0.0146      0.959      0.959
  34  123140       26.6     0.0123     0.0124      0.972      0.972
  35  101246       27.3     0.0101     0.0101      0.982      0.982
  36  78931       28.0    0.00789    0.00788      0.990      0.990
  37  56625       28.7    0.00566    0.00563      0.995      0.995
  38  33819       29.3    0.00338    0.00338      0.999      0.999
  39  11254       30.0    0.00113    0.00113       1.00       1.00
